Index: 0 | Transactions: [{'Sender': 'Newly Generated Coins', 'Recipient': 'Miner', 'Quantity': 1}] | PrevHash: 0 | Nonce: 271184 | Timestamp: 1622062203.2164063 | Hash: 0000d48db898ebe6915cad84079fbb8d12f0ded0d08bcb5c5b822ed117fd7ce4
Index: 1 | Transactions: [{'Sender': 'Me', 'Recipient': 'You', 'Quantity': 100}, {'Sender': 'Newly Generated Coins', 'Recipient': 'Miner', 'Quantity': 1}] | PrevHash: 0000d48db898ebe6915cad84079fbb8d12f0ded0d08bcb5c5b822ed117fd7ce4 | Nonce: 47484 | Timestamp: 1622062205.6843748 | Hash: 0000428ca173cb92b2826bf4f2553f72c7333c6d257316aaf325beb8fec47302
